gene_symbol,hiv_day_0,hiv_day_1,hiv_day_3,hiv_day_6,hiv_day_8,hiv_day_10,hiv_day_12,cluster
LRMJO,0,1.58118384842329,2.77730434388417,3.99580089245913,3.40809991935359,2.93095226174585,3.14567434865149,1
BQTGY,0,1.23217928762584,2.52222659744888,3.6807460625503,3.52157153768522,3.17585121950773,3.54572239843221,1
JGZAV,0,0.369970994587594,2.84968379337605,3.76906271678929,4.13985460293892,3.51697850917423,3.69313167950926,1
LUHYA,0,0.264566906562713,3.0658853280276,4.23544843575631,4.15178403369424,3.28270524383736,3.40026097664048,1
OHPIX,0,-0.171200934539449,3.05431508523864,4.48863208110588,3.90177284052812,3.39639147627698,3.63736708513614,1
CDTTZ,0,1.4187298337004,2.19360924043724,4.51002514323886,4.40358222629569,3.20248310345109,3.15719416388064,1
GZWCR,0,0.231799900126768,2.618450146632,4.54469777162068,4.34095696208233,3.44590585904148,3.04616006486293,1
OOYSD,0,0.652773021380467,1.84670437150835,4.64661806085882,4.29121470723232,3.51761342626869,3.04053187267096,1
BEXPN,0,-0.55460541410224,1.74287043858446,4.19519643823722,3.78881216056736,3.03130683347589,3.68631087644886,1
POIGB,0,-0.324190909559499,2.18227290979858,3.69826792335552,3.89036470701556,3.32339620858004,3.1720679651159,1
NLVDG,0,0.383843684871179,1.78136389553205,4.01643472010765,3.71284152127153,3.51266915958458,3.55573611986391,1
FOHOU,0,0.254201084497664,1.90140950917796,3.58976195151785,3.65984088044156,3.17068587711602,3.6210741928398,1
MQSRW,0,-0.185976585321404,1.82399529148287,3.64128162045346,3.55481933972978,3.11973490098525,3.40005860640195,1
ZEIXH,0,-0.134265682829703,1.71041354124392,4.50914013690221,4.7309308626611,3.63441722120686,3.50809813739994,1
HGNSQ,0,-0.582448772605966,2.23205800065091,4.14220698322853,4.51746031713256,3.90192399117376,3.85997805945037,1
SCEIH,0,1.0434514446844,0.765379139903036,4.72338230972779,4.74594911031913,3.98594445971146,4.37215395278935,1
SGVZM,0,0.204674741562261,1.32887334384352,3.94550297116101,3.9008361085247,4.06993616558167,4.29389584748017,1
GOJLE,0,1.04962912362934,3.24955026043646,4.50269760279707,4.21054382950535,3.78234707146629,3.90802199748452,1
VWTBF,0,0.980154506377935,2.84859981793891,4.4805216992757,4.36024505380239,3.95018207436094,4.494130947865,1
AGIWH,0,0.363204499073658,4.06413923544485,4.45201736635348,4.28774499743662,3.98092031950563,4.45751950235114,1
MOITL,0,0.429321078601649,3.84322514790668,4.55608600900722,4.37166959936277,3.98251574536697,4.09661675861473,1
HGUGR,0,0.225285492247961,3.4238199367714,4.77316797722437,4.71766105858395,4.32367519977132,4.57270785552157,1
WLJPR,0,0.510159814439028,4.06375959046634,5.24006542088724,5.0270987362944,4.55865027526015,4.32975952572149,1
UAGVI,0,1.69835186713973,4.55188406797723,6.27529440510216,5.8076896195058,5.41991186393515,5.73859355222873,1
IZNJS,0,0.805233099642773,1.48636973574496,5.54914524928952,5.97240155904846,4.97961276760565,5.00264686230883,1
FLTZT,0,-0.610327023310081,3.47143576815142,6.28739856947159,5.95054852616488,4.89838958966783,5.69019897418523,1
ELHER,0,0.167327356322961,3.06878453348077,5.44903268501202,5.90120137886548,4.11392635770698,5.76467541499888,1
NGZZL,0,0.00233351876196719,3.08292649447452,5.55539295889912,5.32267279451111,5.36065994540772,5.32770308230434,1
UCDFO,0,0.260859358225153,4.01538596399082,5.24673907246995,5.47152933847362,4.6721094534273,5.28703210376707,1
SGRBD,0,-0.152903122313155,-0.761344388141983,-0.943035335414832,-0.99420548098753,-0.911438442786633,-1.15124830976753,2
FVZSF,0,-0.00635030944732717,-1.02035876831763,-1.17629688093451,-0.93646142041867,-0.92290955116445,-1.54392923554893,2
ZJWVS,0,-0.857899721181722,-1.01968297131627,-1.44717058603936,-0.922734873977922,-0.727879878040081,-1.2612255445136,2
KEEQW,0,-0.514640491626889,-1.1121603704982,-1.14200254343983,-1.07620254823639,-1.24237216103974,-0.659852923835931,2
XENMA,0,-0.878791068375204,-0.483449078783956,-0.345320111673147,-1.15786734196929,-0.920321499994862,-0.798598280228583,2
AZUIJ,0,-0.489016153667803,-0.779587603256549,-0.842694705285453,-0.51578772171817,-0.545136277246957,-0.469621807931821,2
YYJIK,0,-0.664040612086265,-0.762402874204752,-0.732659288712302,-0.568856624339436,-0.785130555589612,-0.65425634902089,2
GGFVB,0,-0.103258894803463,-1.28375676262488,-0.170882427983482,-0.667441621257521,-0.53209463875379,-0.641324160942802,2
TEPOD,0,-0.125638750078533,-0.62743303064362,-0.367201987490657,-0.470905799460765,-0.56996353581283,-0.500613432670817,2
GZVST,0,-0.104359847820661,-1.52143732189841,-1.93789242411188,-2.12343102132348,-1.99986714786266,-3.16703102176966,2
NVUYH,0,-0.65157172051434,-0.779895095650615,-2.29413747286645,-2.29173046340305,-1.6588777094255,-3.31871384387529,2
TBDLF,0,-0.170317613819621,-0.566640762344786,-1.89154512211671,-1.73500079087681,-1.44330470707623,-1.72304862789236,2
KEQXO,0,-0.56690043546237,-1.37261768197182,-1.00428638496821,-1.96461617513315,-1.24665229043239,-2.2714299607075,2
PTZTL,0,-0.98855777200814,-1.17460831865087,-1.41144391431549,-1.41164649114349,-1.30426798877246,-2.18924772762064,2
RXJNF,0,-0.63315389786935,-0.189915502562472,0.327491507697528,0.545316500588564,0.477783715951571,0.545065797286845,4
SSGXQ,0,0.272719251617539,0.766435660555098,0.450889073490716,0.246534181549783,0.228612085395344,0.504295699189809,4
UESRQ,0,0.937975604812032,1.03789491448895,2.05114134524273,1.25071857729561,0.20992122777389,-0.326820428076551,4
UMWVM,0,0.201544799115919,0.686840457540178,1.00759289931127,0.905478822451393,0.697467422094465,0.823613461740498,4
JYSCR,0,0.418695027070336,0.761523304735211,1.22589930429128,1.05357161098542,0.677642828753121,0.843995428614528,4
XRYOU,0,0.123666847785637,0.787173024693973,1.2167133142494,1.11034588867888,0.796527512700381,0.614270547403867,4
GTNQA,0,0.140100977955087,0.997330950350882,1.06074685790995,0.972238020080383,0.987886389035017,0.535518871096855,4
ILJJZ,0,0.784900865130875,0.688493746155062,0.894436154232835,1.04789023361918,0.640566783321119,0.769630499763208,4
ZQXLM,0,0.686048055780751,0.934701911634354,1.23504237018874,0.984926489842608,0.804454348405307,0.317080641224193,4
LCNWY,0,0.6681155104973,0.842398126859992,1.03964528467983,1.0830514154804,0.570971280870384,0.376133706277175,4
PMRKK,0,0.445308235871936,0.896483852497892,1.06385257036274,1.01432176994632,0.476448813530155,0.519466330842063,4
PNKFE,0,0.585743989119996,0.581832463022255,1.60347800437728,1.4096638520626,0.599876759819924,0.771146347117093,4
ARTGG,0,0.477923694183611,1.16905839047769,1.3058457680325,1.20055555316755,0.490566395958785,0.784971572661277,4
QCFJQ,0,0.089492610901578,0.822018499188806,1.8301270701283,1.84925586189597,0.730612628621133,1.08962841585291,4
KXPRB,0,-0.193876422188674,1.03525468190192,1.58950378127057,1.47387285425921,0.738539514175158,0.64088199225425,4
WLQMG,0,0.596291966502891,0.382159016273085,1.81320274009087,1.52951995580052,0.968321076576491,1.15700781435735,4
LTTHG,0,0.439751279891708,0.734556585757478,1.86127607396215,1.42658995952398,1.31910092738254,1.24344575832,4
OAFHZ,0,0.201581264853664,-0.0692089204073703,1.98468883499797,1.86592352089979,1.34810065163279,1.09371860224944,4
YUWTR,0,0.282373551551778,0.225452408401111,1.4974670816908,1.76439550146233,1.04842581907542,0.632878817708571,4
TABUN,0,0.5239488563696,1.36662919157109,1.13546485035811,1.24158686319432,1.48292576184486,0.85370055914924,4
ZTLLM,0,0.137243895760003,1.22028696696349,1.56880303774426,1.50582223752545,0.857275509440545,1.15841007292292,4
EDOOD,0,0.341318106311477,1.52047620630488,1.44765125135178,1.53918114111267,1.21686071178172,1.11427008558972,4
QYJIU,0,0.659243436865081,1.00997559924589,1.15440470008025,1.48003603462303,1.29174520812392,1.20685934792967,4
LTASG,0,0.26177816608799,0.918873529840576,1.37128067007919,1.29237218865224,1.07904398549403,1.44025817938762,4
DEZOK,0,0.362333154869832,1.0310731562703,1.21407508404159,1.53116862047779,1.05336481313975,1.07469361163929,4
HSAQF,0,0.0915568227545974,1.0915542049995,1.31346201851492,1.53408889728812,1.24628210251797,1.15939263000268,4
EPDQQ,0,0.302241219899657,0.339374168514742,1.05745538226436,1.15395606751097,1.04091241655258,0.974073552271256,4
ZSNVF,0,0.127836973525979,0.730521532099333,1.25930053974378,1.12464516932779,0.929157660808085,1.08629494540836,4
FXDAH,0,0.0361648756548026,0.570749432065356,1.37488606400617,1.51768897277019,1.09601635496831,1.15951758727956,4
FHYIF,0,-0.0709961054202229,1.04600673846255,1.12422315172545,1.21094978561046,0.653627443022995,1.11811018799866,4
HIJWB,0,-0.224013809690512,1.07601355459874,1.10197440969092,1.16546536118508,0.838054892074339,1.0221897441468,4
BEJLU,0,0.24172910347936,1.29391706062557,1.0414281555446,0.987174565357434,0.822065496101704,1.19242113208489,4
UGGWA,0,0.057576543953555,0.889115829294986,0.799571606992251,0.96199437058225,0.932386838518287,1.31402475012871,4
MTOES,0,1.93351376630907,1.7667901263183,4.09747137875834,4.02125938263192,1.8939135666384,1.84666777925938,3
DTQPF,0,1.15982769621593,1.91765094639949,4.38906238152704,3.11615337304936,1.82258854951667,1.72731241863374,3
PLJEF,0,0.277882462720275,2.13510257050449,3.79161686278214,3.62501331927724,2.10523574055814,2.60627902371532,3
JWWIG,0,0.314123867376867,2.03153700875931,3.41031124077054,3.07660072765114,2.95562824920516,2.93166393828392,3
WMAMT,0,0.1554130897077,1.5555255667736,3.24964204645073,3.08492100886698,2.64214655077964,2.89858556500862,3
NNEQK,0,0.142338386300651,2.24703173500021,2.96209513479449,3.0960926856708,2.55724566382065,3.38578907037631,3
JQZUZ,0,0.268822406772611,2.65628314234051,3.29649218932417,3.21347048322913,2.50454569994666,2.7280331338649,3
GSVOR,0,0.0867789013290456,1.84968565588669,2.44805811952294,2.50707757033139,2.6109449427649,2.9185736798901,3
UKKNM,0,0.333862691991049,2.00053664603439,2.59745035027643,2.58667470370511,2.07523392290375,2.89682953320759,3
MVGCJ,0,0.400848760626165,1.85881801953537,2.91449397724293,2.62693816611046,1.9675802928508,2.5218887822221,3
FNUDS,0,0.133027250463063,2.35929384182695,2.73871949637775,2.40850589323342,2.29901883254032,2.58665859991485,3
ITFSP,0,-0.0718841313566243,2.2529822732662,2.41867293034869,2.57858776701616,1.99146149956768,2.6927078158134,3
UGLAL,0,0.964021291641666,2.21811023424246,3.02644711613242,2.83628522264436,2.38239106947714,2.6139726942911,3
YKLWV,0,0.827244697602494,2.03509816237628,3.00767942220335,3.02676442220596,2.71723868106896,2.44557930768769,3
ESWEE,0,0.868361763600755,2.13968034018463,3.22932278116476,2.85192676336341,2.7916294512004,2.44402937090816,3
HZKBB,0,0.545569734219818,1.85155164969713,2.75374535929087,3.06070517059422,2.51581563719121,2.05937794543643,3
AFOWH,0,0.640554421865479,1.97324411304645,2.73863814607686,2.57323797108888,2.29467420710112,2.19671380974771,3
RLGIN,0,0.31847507928145,1.70669538655345,2.00783568998683,2.15675971558343,2.06445620645927,2.57094145656627,3
WBDXG,0,0.619651031124074,1.4268239339713,2.35446374321536,2.25384862780364,1.92172032517568,2.28350517753995,3
QZASI,0,0.307903396783785,1.5563957057999,2.45157781017453,2.27717612643804,1.95729369841308,2.13443240941151,3
RXMAJ,0,0.0103356980514595,1.54626074983072,2.49017746396394,2.63858749767962,2.17031225402593,2.26300813856021,3
PLNKG,0,0.209334491187646,1.1581589305107,2.29839166424979,2.48598220568392,2.00208805106425,2.28122620937138,3
GURSO,0,-0.472829873517823,1.21219797636848,2.45791156824269,2.35138537780488,2.06872943048069,1.96931418647409,3
IQSHL,0,-0.479424521399163,1.69024278129214,2.32316806528984,2.23313887034062,2.12069560247108,2.5089025215895,3
WEFPV,0,-0.245389432655402,0.792896418170212,2.32095994477123,2.03910416628988,2.08218031789027,2.47097679547393,3
EULZG,0,-0.436348924019115,1.36165008025389,1.94076317888897,2.33708748343174,2.17220084024337,2.87889892867984,3
OJVPA,0,-0.010264337109875,1.16730683249106,2.25130035806246,2.24441896821937,2.44330373190814,2.88676222820502,3
CASSC,0,-0.262878583724163,0.454597812158861,3.33313710193877,3.44616910371335,2.72813257645853,1.85119016649501,3
EEMDW,0,-0.0960734980446956,0.541242155688207,3.7985132913079,4.0788256932328,3.47447020554763,2.55583899332219,3
SAASK,0,0.247782574159167,1.24890439498792,3.06879458329211,2.7295647132169,2.73791024539451,2.73751881351578,3
PLLBT,0,0.141901813196594,1.28803637607359,2.89773025682868,2.7397625671912,2.58569055255438,2.42503084472957,3
FZPLV,0,-0.455363343102915,1.66204589617,2.77799385726347,2.79377564877492,2.66946335584729,2.41923417155597,3
PGYMN,0,-0.36008195883899,1.2957345065119,3.0649926000214,2.61961020881339,2.61349087581419,2.69510704424688,3
JOXHS,0,-0.315356798685607,0.885773198205921,3.23313843534471,2.50634978586814,2.70377115240409,2.45109255496763,3
YZBTO,0,0.569127648024979,0.797683881561801,2.48655923157514,2.61405520778348,2.46308530812319,2.83451098573745,3
HFGML,0,0.17757509950993,0.192681205474341,3.18452831708443,2.47813162718268,2.251126328869,2.5116520525112,3
YQXRN,0,-0.363031737835907,0.50630102127559,2.54851909242161,2.89339858341089,2.20976892835878,2.57369861847609,3
BJUMI,0,0.318308701526805,0.247146051435141,2.25154759871053,2.00405238169386,1.78574358974207,1.80591909880784,3
YPXVK,0,0.278841582590112,0.8310241976086,2.26000488804251,2.17984951286064,2.00492275709836,1.9042979824195,3
KYHWV,0,0.129621024218495,0.931046033132835,2.0289895852552,2.07728832725226,1.75671884353045,1.63473457257029,3
RNQQP,0,-0.0912246767285041,1.03686060553476,1.91880543937977,2.06110729799092,1.56817286027457,1.91106630090062,3
IHQWU,0,0.226330867310094,1.16023966969317,1.6071278488021,1.99200413762432,1.14152536551777,1.53089877310353,3
QUPRZ,0,0.748192466203913,0.861740599223195,1.76780230499595,1.8230995777777,1.23833934306289,1.74181112278384,3
CCOGL,0,0.622450800934843,1.35112060163859,2.08487871700241,2.07742807928616,1.4367712922181,1.59527026655799,3
TPQPL,0,0.273886404618,1.61897515011457,1.92745605108483,1.82673334526354,1.69390624326728,1.24500467361991,3
GAQCF,0,0.386348890418938,1.39419774949277,1.91452646193415,1.73129090318725,1.47984608540614,1.32856063558702,3
LCBAE,0,0.124137543238415,0.708407905060534,1.62381698990762,1.35491342310814,1.82001149002964,2.07019237440033,3
NLHZL,0,-0.14500153031452,1.67788812722153,1.3079835739458,1.51361580842575,1.50898678789803,1.50716367477581,3
BFEFQ,0,-0.142234326532034,1.43061720015794,1.28258780703102,1.55034851341876,1.38605470725141,2.07792661119093,3
DMVQC,0,-0.0203297500512618,1.27134708950643,1.4737245846124,1.53851500257627,1.55509350797623,2.07820064810739,3
GLFJK,0,-0.0231418599716278,0.978196942919243,1.3487917390231,1.63946791514951,1.42126713523683,1.84823270804552,3
JLGBU,0,-0.412829379974121,1.25150603406217,1.53765810668394,1.72357700610087,1.46930581286436,1.85884009018121,3
QAXHM,0,-0.873473432272584,2.1289272783827,2.40091361840084,2.57779647186813,1.50064055971725,2.21445140651422,3
PJVXN,0,-0.244885320689929,1.42366873508356,1.77841774600495,2.01435395256578,1.67013655630765,1.6183334192053,3
HYTFA,0,0.0371564343563355,1.3270335007974,1.87147941512446,1.83960530854939,1.40325377112542,1.66280854769068,3
CHGFW,0,0.0764219617181007,1.58064966783687,1.92145702781062,2.48768850156705,1.60031113743415,2.14182978304006,3
WBBWS,0,0.019862949985058,1.53081759461985,2.31377387224138,2.06449546228278,1.57493693493571,1.96877213775109,3
RYEAA,0,-0.413595281848278,1.65708506858647,1.7758918191952,1.81704535730508,1.50154674949563,2.50200429269903,3
IUZNT,0,-0.583302371660904,1.21232808131913,1.77802350371651,1.98884938451675,1.82344742962636,1.95208106071584,3
APERC,0,-0.553508390252805,1.17463845036474,1.99635313307876,2.21056553941015,1.78480432018272,1.99327362875542,3
QANKB,0,1.13266797619564,1.85147855714134,2.52437185585826,2.22784006897012,1.81153564166581,1.83051854615954,3
XRNYO,0,0.644516173484437,1.99652189982268,2.3907808629852,2.01985547151832,1.96031084652714,1.62137094886526,3
OIXMO,0,0.712871953376102,1.90604532369487,2.04320602985005,2.34720804976762,1.73966259496374,1.39027592178966,3
ZWUOM,0,0.559844027286374,1.76543267808992,2.43635995160145,2.25751200303883,1.46859344815323,1.61541082317496,3
EMULX,0,1.50458526968587,1.62517241152211,2.67418903155138,2.37672488602268,1.08014316271692,1.57784850559277,3
KTVJX,0,0.814580123674516,1.36075621082573,3.57002521881051,3.20650549259968,0.947712750998236,1.36289264585606,3
CJANM,0,1.06970604256416,0.633712339061662,2.71612226493085,2.54448277977072,2.36683560414751,2.18496910995078,3
TXYID,0,1.08868544855214,0.535210262105856,2.37470523167367,2.24726042427203,1.88535461536094,1.91127118202373,3
MZCAP,0,0.381490476496418,0.712296844472299,2.91681054409802,2.23224996075237,1.93000783303109,1.43341732114569,3
JWVRM,0,0.41056684130489,0.789480072555595,3.02196301714818,2.83248798768162,2.29661598791347,1.94742872898868,3
RZOPL,0,0.594101165795685,1.00032357511432,2.58658693880842,2.72498744622809,2.07031861236,1.79333047084765,3
FSENR,0,0.551800025099059,-0.283918792249576,2.79626653539497,2.64487781472071,1.32018053313889,0.857678316195866,3
PYLYY,0,0.380443439823204,0.934290262424724,2.25130042222436,2.37869993009792,2.05891940084167,0.922475056666729,3
DQMPK,0,0.530550587437493,1.12986209484499,2.63029339073806,2.07162736300575,1.86699081418471,0.754321744166543,3
